80
80 311 125 358
80 357 128 402
83 405 132 445
88 454 137 490
96 502 151 532
114 546 178 566
144 580 216 595
180 607 260 616
226 616 304 622
278 611 347 612
335 591 388 591
391 568 426 563
434 531 452 526
464 486 466 482
479 433 470 437
487 377 474 392
494 321 477 345
109 259 150 332
126 238 171 312
154 235 200 304
183 239 230 307
212 248 259 319
283 255 315 314
321 244 345 299
359 240 377 294
397 247 410 300
427 271 434 319
241 298 289 350
237 327 290 382
232 354 291 413
227 383 292 444
201 418 258 458
215 423 275 462
230 427 294 467
250 425 313 460
270 421 331 454
141 301 184 358
159 293 201 344
181 294 224 345
199 309 245 363
178 313 224 368
156 311 201 368
309 312 339 358
331 299 358 337
355 298 381 335
376 309 401 349
356 317 383 359
331 317 360 361
177 503 214 493
194 484 245 489
213 473 274 488
228 477 295 489
244 474 316 485
271 488 346 483
299 507 381 484
271 523 351 524
244 528 321 540
226 528 299 543
209 525 277 542
192 517 246 530
190 500 223 495
213 489 275 499
228 491 296 499
244 491 317 496
286 504 372 487
244 508 319 523
228 507 298 526
211 504 276 525
538 410 495 400
215 727 264 736
0 760 0 774
599 597 599 706
0 0 0 0
0 400 0 400
0 799 0 799
300 799 300 799
599 799 599 799
599 400 599 400
599 0 599 0
300 0 300 0
